Gauss:



/////////////K = 0
1.0000031
1.9999993
3.0000021
4.0000005
5.0000005
6.0000000
6.9999986
7.9999990
9.0000000
9.9999971
---------------------------------------------------------------


/////////////K = 1
0.9999939
2.0000014
2.9999969
3.9999993
4.9999933
6.0000043
6.9999995
8.0000029
8.9999962
10.0000134
---------------------------------------------------------------


/////////////K = 2
1.0000061
2.0000050
3.0000010
4.0000000
5.0000038
5.9999976
6.9999924
7.9999971
8.9999981
9.9999943
---------------------------------------------------------------


/////////////K = 3
0.9999970
2.0000050
2.9999940
3.9999993
4.9999928
6.0000000
7.0000014
8.0000038
8.9999971
10.0000124
---------------------------------------------------------------


/////////////K = 4
0.9999939
2.0000041
2.9999919
4.0000000
4.9999890
6.0000033
7.0000029
8.0000076
8.9999971
10.0000162
---------------------------------------------------------------


/////////////K = 5
0.9999970
2.0000060
2.9999959
3.9999986
4.9999962
6.0000043
6.9999967
8.0000029
8.9999981
10.0000067
---------------------------------------------------------------


/////////////K = 6
1.0000000
2.0000031
2.9999959
4.0000000
4.9999948
6.0000010
6.9999986
8.0000029
8.9999971
10.0000086
---------------------------------------------------------------


/////////////K = 7
0.9999939
2.0000060
2.9999950
3.9999986
4.9999933
6.0000048
6.9999967
8.0000038
8.9999962
10.0000134
---------------------------------------------------------------


/////////////K = 8
0.9999939
2.0000060
2.9999950
3.9999986
4.9999933
6.0000048
6.9999967
8.0000038
8.9999962
10.0000134
---------------------------------------------------------------


/////////////K = 9
0.9999939
2.0000060
2.9999950
3.9999986
4.9999933
6.0000048
6.9999967
8.0000038
8.9999962
10.0000134
---------------------------------------------------------------