10 6
0 0 0 0 0 0
0 0 0 0 0 -1  
0 0 0 0 0 -4
0 0 0 0 -2 -3
0 0 0 0 -1 0
0 0 -3 -2 -4 0
-2 0 0 -3 0 0
0 -4 0 -1 -2 0
0 0 0 -3 0 0
0 0 0 0 -1 0

0 0 0 0 0 0
0 0 0 0 0 -1
0 0 0 0 0 -4
0 0 0 0 -2 -3
0 0 0 0 -1 0
0 0 -3 -2 -4 0
-2 0 0 -3 0 0
0 -4 0 -1 -2 0
0 0 0 -3 0 0
0 0 0 0 -1 0

3
10
14
12
2
14
5
8
3
1








10 6
3  -1  0  0  0  0  -2  0  0  0  
-1  10  -4  -2  0  -3  0  0  0  0  
0  -4  14  -3  -1  -2  0  -4  0  0  
0  -2  -3  12  0  -4  -3  0  0  0  
0  0  -1  0  2  0  0  -1  0  0  
0  -3  -2  -4  0  14  0  -2  -3  0  
-2  0  0  -3  0  0  5  0  0  0  
0  0  -4  0  -1  -2  0  8  0  -1  
0  0  0  0  0  -3  0  0  3  0  
0  0  0  0  0  0  0  -1  0  1  





10 9
26 -2 -3 -4 -1 -2 -4 -4 -3 -3  
-2 25 -3 -2 -3 -4 -2 -4 -4 -1  
-3 -3 29 -3 -3 -2 -4 -4 -3 -4  
-4 -2 -3 26 -3 -4 -1 -4 -3 -2  
-1 -3 -3 -3 21 -2 -3 -1 -4 -1  
-2 -4 -2 -4 -2 24 -3 -1 -4 -2  
-4 -2 -4 -1 -3 -3 25 -3 -4 -1  
-4 -4 -4 -4 -1 -1 -3 26 -1 -4  
-3 -4 -3 -3 -4 -4 -4 -1 28 -2  
-3 -1 -4 -2 -1 -2 -1 -4 -2 20





















10 9
 19     8     3    18    19     8    12     3     0    14
 8    10     2     1    11     4     2     0    10     7
2    10    19    20     9     4     1     8    18    13
     5    13    18    19    10    17    14    10     5     5
    14    15    20    11     6    15    12     3    17    11
    17     6    18     9    19    11     4    14    17    20
    20     1     0     7    20    17     8     0    13    17
     4    17    11    15    10    10    13     2     0     5
    15     8    20     0    20    11    11    19     7    14
    12    16    10     7     9     4     2    20    18     7















10 7
1 0 0 0 0 -1 0 0 0 0
0 11 -2 0 -4 0 -2 0 -3 0 
0 -2 11 -1 0 -3 -1 -4 0 0
0 0 -1 14 -3 -2 -1 0 -4 -3
0 -4 0 -3 13 -3 0 -2 -1 0
-1 0 -3 -2 -3 15 0 -3 -2 -1 
0 -2 -1 -1 0 0 7 -2 -1 0
0 0 -4 0 -2 -3 -2 16 -4 -1 
0 -3 0 -4 -1 -2 -1 -4 17 -2
0 0 0 -3 0 -1 0 -1 -2 7














7 3
3 0 -2 -1 0 0 0
0 9 -4 -3 -2 0 0 
-2 -4 13 0 -4 -3 0 
-1 -3 0 9 -1 0 -4
0 -2 -4 -1 10 -2 -1 
0 0 -3 0 -2 8 -3 
0 0 0 -4 -1 -3 8







10 7
0 0 0 0 0 0 0
0 0 0 0 0 0 0
0 0 0 0 0 0 -2
0 0 0 0 0 0 -1
0 0 0 0 -4 0 -3
0 0 -1 0 -3 -2 -3
0 0 -2 -1 -1 0 0
0 0 -4 0 -2 -3 -2
-3 0 -4 -1 -2 -1 -4
0 -3 0 -1 0 -1 -2

0 0 0 0 0 0 0
0 0 0 0 0 0 0
0 0 0 0 0 0 -2
0 0 0 0 0 0 -1
0 0 0 0 -4 0 -3
0 0 -1 0 -3 -2 -3
0 0 -2 -1 -1 0 0
0 0 -4 0 -2 -3 -2
-3 0 -4 -1 -2 -1 -4
0 -3 0 -1 0 -1 -2

1
11
11
14
13
15
7
16
17
7























10 8
8 −1 0  0  -4 −2  0  0  -1 0
−1 9 -3  -2  0  0  -1  0  0 −2
0 −3 12 0  -4  -3 0  -2  0 0
 0  -2 0  8 −3  0  0  -1 0 -2
 -4  0  -4 −3  16 0 −4  0  -1  0
−2  0  -3  0 0 8 0  -2  0 −1
 0  -1 0  0 −4 0 10 −4  0  -1
 0 0  -2  -1  0  -2 -4  10 −1  0
 -1  0  0 0  -1  0  0 −1  3 0
0 −2 0   -2  0 −1  -1  0 0  6

























10 9
14 -2 0 -1 -4 -2 0 -2 -1 -1
-4 21 -3 -3 0 0 -2 -3 -4 -2
-2 -1 14 0 -2 -3 -2 -1 0 -3
-3 -2 0 16 -3 -4 -2 -2 0 0
-2 -1 -3 -2 18 -3 -2 0 -4 -1
-3 -2 0 -1 -2 17 -4 -2 1 -4
-4 -1 0 0 -3 -2 13 -1 -2 0
0 0 -2 -1 0 -4 -2 13 -1 -3
-2 -2 -3 -4 -1 -2 0 -3 19 -2
-1 -2 -4 0 0 -3 0 -2 -1 13
















6 5
1 7 6 3 0 5 
5 8 2 3 2 0 
9 3 4 1 8 1 
8 2 1 6 9 10 
0 6 7 4 5 15
4 0 20 2 12 3 



6 5
0 0 0 0 0
0 0 0 0 2
0 0 0 3 7
0 0 4 8 13
0 0 9 14 20
0 0 15 21 26
0 0 0 0 0
0 0 0 0 5
0 0 0 10 11 
0 0 16 17 18
0 0 22 23 14
0 0 27 28 19
1
6
12
19
25
30




4 2
0 0
0 1
3 2
1 3
0 0
0 3
1 2
6 1
2
4
5
2













4 3
0 0 0
0 0 1
0 3 2
4 1 3

0 0 0
0 0 3
0 1 2
5 6 1
2
4
5
2































































{1, 0, 0, 0, 0, -1, 0, 0, 0, 0},
{0, 11, -2, 0, -4, 0, -2, 0, -3, 0}, 
{0, -2, 11, -1, 0, -3, -1, -4, 0, 0},
{0, 0, -1, 14, -3, -2, -1, 0, -4, -3},
{0, -4, 0, -3, 13, -3, 0, -2, -1, 0},
{-1, 0, -3, -2, -3, 15, 0, -3, -2, -1}, 
{0, -2, -1, -1, 0, 0, 7, -2, -1, 0},
{0, 0, -4, 0, -2, -3, -2, 16, -4, -1}, 
{0, -3, 0, -4, -1, -2, -1, -4, 17, -2},
{0 ,0 ,0 ,-3, 0, -1, 0, -1, -2, 7}











4 3
0 0 0
0 0 1
0 3 2
0 1 3

0 0 0
0 0 3
0 1 2
0 6 1
2
4
5
2


[3  -1  0  0  0  0  -2  0  0  0  ;
-1  10  -4  -2  0  -3  0  0  0  0  ;
0  -4  14  -3  -1  -2  0  -4  0  0  ;
0  -2  -3  12  0  -4  -3  0  0  0  ;
0  0  -1  0  2  0  0  -1  0  0  ;
0  -3  -2  -4  0  14  0  -2  -3  0  ;
-2  0  0  -3  0  0  5  0  0  0  ;
0  0  -4  0  -1  -2  0  8  0  -1  ;
0  0  0  0  0  -3  0  0  3  0  ;
0  0  0  0  0  0  0  -1  0  1  ]


[1 0 0 0 0 -1 0 0 0 0;
0 11 -2 0 -4 0 -2 0 -3 0; 
0 -2 11 -1 0 -3 -1 -4 0 0;
0 0 -1 14 -3 -2 -1 0 -4 -3;
0 -4 0 -3 13 -3 0 -2 -1 0;
-1 0 -3 -2 -3 15 0 -3 -2 -1; 
0 -2 -1 -1 0 0 7 -2 -1 0;
0 0 -4 0 -2 -3 -2 16 -4 -1; 
0 -3 0 -4 -1 -2 -1 -4 17 -2;
0 0 0 -3 0 -1 0 -1 -2 7]