-13
-19
-27
-10
 -1
 13
 21
 25
  9
  2















  -137
  -100
   -88
   -38
   -10
    17
    48
    87
   120
   101














507
   291
   591
   586
   639
   773
   595
   398
   689
   577











  
  



-5
-45
-32
-47
2
5
13
28
55
26






 
 
 
 
 
 -7
-16
 -9
 -4
 11
  8
 17























-35
-27
  7
-15
 15
 11
  8
 21
 13
 35















-61
-77
-42
-12
-9
6
32
17
79
70















12.0001
−2
−3
0
0
−4
0
0
0
−1
​
  
−2
9
−1
0
0
0
0
−4
0
−3
​
  
−3
−1
10
−2
0
0
−4
0
0
−1
​
  
0
0
−2
9
−3
0
0
0
−4
0
​
  
0
0
0
−3
8
−1
−2
0
0
0
​
  
−4
0
0
0
−1
10
−3
0
0
−2
​
  
0
0
−4
0
−2
−3
8
−1
0
0
​
  
0
−4
0
0
0
0
−1
7
−2
0
​
  
0
0
0
−4
0
0
0
−2
7
−1
​
  
−1
−3
−1
0
0
−2
0
0
−1
9
​
  


