LU:



/////////////K = 0
                  1.0000808
                  2.0001051
                  3.0000517
                  3.9999659
                  4.9998794
                  6.0002012
                  6.9996872
                  8.0000114
                  8.9998178
                  10.0001726
---------------------------------------------------------------


/////////////K = 1
                  1.0000194
                  1.9998546
                  3.0000536
                  4.0000000
                  5.0001359
                  5.9998112
                  7.0002313
                  7.9999714
                  9.0001554
                  9.9997778
---------------------------------------------------------------


/////////////K = 2
                  0.9999010
                  1.9999952
                  2.9999344
                  3.9999316
                  4.9999132
                  5.9999881
                  7.0001740
                  8.0000544
                  9.0000267
                  10.0002041
---------------------------------------------------------------


/////////////K = 3
                  0.9999683
                  1.9998999
                  2.9999623
                  4.0000172
                  5.0000472
                  5.9998331
                  7.0002975
                  7.9999838
                  9.0001783
                  9.9998674
---------------------------------------------------------------


/////////////K = 4
                  0.9999835
                  2.0000687
                  2.9999697
                  4.0000000
                  4.9999428
                  6.0000997
                  6.9998770
                  8.0000200
                  8.9999199
                  10.0001125
---------------------------------------------------------------


/////////////K = 5
                  1.0000043
                  1.9999552
                  3.0000138
                  3.9999659
                  4.9999890
                  6.0000176
                  7.0000257
                  8.0000172
                  9.0000134
                  10.0000372
---------------------------------------------------------------


/////////////K = 6
                  1.0000256
                  2.0000072
                  3.0000415
                  4.0000000
                  5.0000305
                  5.9999552
                  6.9999924
                  7.9999914
                  8.9999895
                  9.9999456
---------------------------------------------------------------


/////////////K = 7
                  0.9998394
                  1.9999877
                  2.9998896
                  3.9999487
                  4.9999652
                  5.9999204
                  7.0002708
                  8.0000668
                  9.0000715
                  10.0001602
---------------------------------------------------------------


/////////////K = 8
                  0.9998394
                  1.9999877
                  2.9998896
                  3.9999487
                  4.9999652
                  5.9999204
                  7.0002708
                  8.0000668
                  9.0000715
                  10.0001602
---------------------------------------------------------------


/////////////K = 9
                  0.9998394
                  1.9999877
                  2.9998896
                  3.9999487
                  4.9999652
                  5.9999204
                  7.0002708
                  8.0000668
                  9.0000715
                  10.0001602
---------------------------------------------------------------