10 2
1e-07 10000
9 6 8 5 7 8 10 8 8 6
-2 -1 0 0 -4 -3 -2 -1 0
-2 -1 -2 -4 -2 -3 
0 -1 -2 -4 -3
-4 0 -3 -1 -1 -2 -4 0 -1
-2 -1 0 -1 -4 -1
-2 -3 -4 -3 0






20 2
1e-06 10
3 9 6 11 13 12 14 10 6 14 17 14 11 11 14 10 7 11 8 8 
-2 0 -4 -3 -4 0 -2 -1 -2 -1 -4 -3 -2 -1 0 -1 -3 -2 -4
-4 -1 -3 -4 -1 -3 -4 -2 -4 -1 -3 0 -2 -1 -2 -3 
0 -4 0 -1 -3 -3 -4 0 -1 -3 -4 -3 -3 -2 -1 
-1 -4 -4 -3 -2 0 -1 -1 0 -2 -1 -2 -2 -1 -3 -2 -1 -4 -2 
0 -3 -2 -3 -1 -3 -2 -2 -2 -3 -4 -1 0 -3 0 -4 
-1 0 0 -1 -3 -4 -4 -1 -1 -1 -4 -1 -2 -3 -4 




slae.A = 
9, -2, 0, -2, -1, 0
-2, 6, -1, 0, -1, -1
0, -1, 5, -1, 0, -1
-2, 0, -1, 6, -1, 0
-1, -1, 0, -1, 5, -1
0, -1, -1, 0, -1, 6


9 6 5 6 5 6
-2 -1 -1 -1 -1
-2 -1 -1
-1 -1
-2 -1 -1 -1 -1 
-2 -1 -1 
-1 -1