10
1 0 0 0 0 -1 0 0 0 0
0 11 -2 0 -4 0 -2 0 -3 0 
0 -2 11 -1 0 -3 -1 -4 0 0
0 0 -1 14 -3 -2 -1 0 -4 -3
0 -4 0 -3 13 -3 0 -2 -1 0
-1 0 -3 -2 -3 15 0 -3 -2 -1 
0 -2 -1 -1 0 0 7 -2 -1 0
0 0 -4 0 -2 -3 -2 16 -4 -1 
0 -3 0 -4 -1 -2 -1 -4 17 -2
0 0 0 -3 0 -1 0 -1 -2 7





6 5
1 7 6 3 0 5 
5 8 2 3 2 0 
9 3 4 1 8 1 
8 2 1 6 9 10 
0 6 7 4 5 15
4 0 20 2 12 3 



6 5
0 0 0 0 0
0 0 0 0 2
0 0 0 3 7
0 0 4 8 13
0 0 9 14 20
0 0 15 21 26
0 0 0 0 0
0 0 0 0 5
0 0 0 10 11 
0 0 16 17 18
0 0 22 23 14
0 0 27 28 19
1
6
12
19
25
30




4 2
0 0
0 1
3 2
1 3
0 0
0 3
1 2
6 1
2
4
5
2













4 3
0 0 0
0 0 1
0 3 2
4 1 3

0 0 0
0 0 3
0 1 2
5 6 1
2
4
5
2





























































{1, 0, 0, 0, 0, -1, 0, 0, 0, 0},
{0, 11, -2, 0, -4, 0, -2, 0, -3, 0}, 
{0, -2, 11, -1, 0, -3, -1, -4, 0, 0},
{0, 0, -1, 14, -3, -2, -1, 0, -4, -3},
{0, -4, 0, -3, 13, -3, 0, -2, -1, 0},
{-1, 0, -3, -2, -3, 15, 0, -3, -2, -1}, 
{0, -2, -1, -1, 0, 0, 7, -2, -1, 0},
{0, 0, -4, 0, -2, -3, -2, 16, -4, -1}, 
{0, -3, 0, -4, -1, -2, -1, -4, 17, -2},
{0 ,0 ,0 ,-3, 0, -1, 0, -1, -2, 7}











4 3
0 0 0
0 0 1
0 3 2
0 1 3

0 0 0
0 0 3
0 1 2
0 6 1
2
4
5
2
